{
  "sprites": [
    {
      "name": "EnemyIdleDown",
      "frames": [
        { "X": 3,   "Y": 2,   "W": 39, "H": 48 }
      ]
    },
    {
      "name": "EnemyWalkRight",
      "frames": [
        { "X": 50,  "Y": 3,   "W": 47, "H": 50 },
        { "X": 105, "Y": 3,   "W": 47, "H": 50 },
        { "X": 50,  "Y": 55,  "W": 47, "H": 50 },
        { "X": 105, "Y": 55,  "W": 47, "H": 50 }
      ]
    },
    {
      "name": "EnemyWalkLeft",
      "frames": [
        { "X": 105, "Y": 55,  "W": 47, "H": 50 },
        { "X": 50,  "Y": 55,  "W": 47, "H": 50 },
        { "X": 105, "Y": 3,   "W": 47, "H": 50 },
        { "X": 50,  "Y": 3,   "W": 47, "H": 50 }
      ]
    }
  ]
}